function f = fit(x)
% 
% x1=z(1);
% x2=z(2);

%angular
% n = 14052*x + 85439;
% e = -240063*x + 1e6;

% % linear
% n = 39417*(x/1) + 569365;
% e = 530.27*(x/1) + 2e6;

% %linear adapted
% n = 13385*(x/1) + 608157;
% e = 9015.8*(x/1) + 2e6;

% % double adaptation
% n = 62182*(x/1) + 585244;
% e = -55076*(x/1) + 2e6;


% if  x1==0
%     n= n2;
%     e=e2;
% elseif x2==0
%     n=n1;
%     e=e1;
% else
%     n = .6*n1 + .4*n2;
%     e= .48e1 + .52e2;
% end





% b = (46800/5.5125)*((x1/5)+(x2/50));
%angle
% b = (46800/5.5125)*((x/5));
% linear
b = (((46800)/5.5125)*(x/.5)*100)/(46800)
% if e>1.6e6
    %linear
    o = round(848.8 - (0.003918*n) + (e*3.661e-5) +((n.^2)*6.052e-9) + (n*e*(-1.172e-10)) + ((-3.11e-15)*(n.^3)) + ((n.^2)*e*(9.368e-17)))
% else
    %angular
%     o = (n*e*(-1.549e-12) + ((n.^2)*(1.651e-9)) + (e*(-7.559e-7)) - (0.000425*n) +29.55);
% end

% f = -1*(.08*(-0.6338 + 5.135*(10^(-7))*n + 3.702*(10^(-5))*e - 2.517*(10^(-11))*(e^2) - 9.237*(10^(-12))*n*e) + b );

f = -1 * (o + .08*b);
